
Hard 01

[4,1,7,3,6,9,8,2,5]
[6,3,2,1,5,8,9,4,7]
[9,5,8,7,2,4,3,1,6]
[8,2,5,4,3,7,1,6,9]
[7,9,1,5,8,6,4,3,2]
[3,4,6,9,1,2,7,5,8]
[2,8,9,6,4,3,5,7,1]
[5,7,3,2,9,1,6,8,4]
[1,6,4,8,7,5,2,9,3]

Hard 02

[5,2,7,3,1,6,4,8,9]
[8,9,6,5,4,2,7,3,1]
[3,1,4,9,8,7,5,6,2]
[1,7,2,4,5,3,8,9,6]
[6,8,9,2,7,1,3,5,4]
[4,5,3,6,9,8,2,1,7]
[9,4,1,8,2,5,6,7,3]
[7,6,5,1,3,4,9,2,8]
[2,3,8,7,6,9,1,4,5]

Hard 03

[6,1,7,4,5,9,8,2,3]
[2,4,8,7,3,6,9,1,5]
[5,3,9,1,2,8,4,6,7]
[9,8,2,5,6,4,3,7,1]
[3,7,4,2,9,1,5,8,6]
[1,5,6,8,7,3,2,9,4]
[8,2,3,6,4,7,1,5,9]
[7,9,1,3,8,5,6,4,2]
[4,6,5,9,1,2,7,3,8]

Hard 04

[4,8,7,3,1,2,6,9,5]
[5,9,3,6,8,4,2,7,1]
[1,2,6,5,9,7,3,8,4]
[7,3,5,8,4,9,1,6,2]
[9,1,4,2,6,5,8,3,7]
[2,6,8,7,3,1,5,4,9]
[8,5,1,4,7,6,9,2,3]
[3,7,9,1,2,8,4,5,6]
[6,4,2,9,5,3,7,1,8]

Hard 05

[9,6,2,3,1,4,8,5,7]
[1,3,4,5,8,7,2,6,9]
[5,7,8,2,9,6,4,1,3]
[8,4,7,9,6,2,5,3,1]
[6,5,1,8,7,3,9,4,2]
[3,2,9,1,4,5,7,8,6]
[2,8,5,6,3,9,1,7,4]
[7,9,3,4,5,1,6,2,8]
[4,1,6,7,2,8,3,9,5]

Hard 06

[4,1,6,8,3,7,5,2,9]
[9,8,2,4,6,5,3,7,1]
[7,3,5,1,2,9,4,6,8]
[5,7,1,2,9,8,6,4,3]
[2,9,3,7,4,6,1,8,5]
[8,6,4,3,5,1,2,9,7]
[6,4,7,9,1,3,8,5,2]
[3,5,9,6,8,2,7,1,4]
[1,2,8,5,7,4,9,3,6]

Hard 07

[6,8,2,1,5,4,3,7,9]
[9,5,1,7,6,3,8,4,2]
[3,7,4,8,9,2,1,6,5]
[4,3,7,5,2,8,9,1,6]
[8,1,6,9,3,7,2,5,4]
[2,9,5,4,1,6,7,3,8]
[5,6,8,2,7,1,4,9,3]
[7,2,9,3,4,5,6,8,1]
[1,4,3,6,8,9,5,2,7]

Hard 08

[6,5,2,4,8,1,9,3,7]
[8,3,4,6,7,9,1,5,2]
[9,7,1,3,2,5,8,6,4]
[4,6,7,8,1,2,5,9,3]
[3,1,5,7,9,4,6,2,8]
[2,9,8,5,6,3,4,7,1]
[1,8,6,9,3,7,2,4,5]
[5,2,3,1,4,6,7,8,9]
[7,4,9,2,5,8,3,1,6]

Hard 09

[6,8,2,1,5,3,4,7,9]
[9,5,1,7,6,4,8,3,2]
[3,7,4,8,9,2,1,6,5]
[4,3,7,5,2,8,9,1,6]
[8,1,6,9,4,7,2,5,3]
[2,9,5,3,1,6,7,4,8]
[5,6,8,2,7,1,3,9,4]
[7,2,9,4,3,5,6,8,1]
[1,4,3,6,8,9,5,2,7]

Hard 10

[7,9,2,3,5,1,6,4,8]
[5,4,3,7,8,6,1,2,9]
[6,8,1,4,2,9,5,3,7]
[1,5,7,6,4,8,2,9,3]
[9,2,4,1,3,7,8,6,5]
[8,3,6,2,9,5,4,7,1]
[3,6,8,5,7,2,9,1,4]
[4,1,9,8,6,3,7,5,2]
[2,7,5,9,1,4,3,8,6]

Hard 11

[6,1,4,3,8,2,5,7,9]
[9,5,3,7,6,4,8,1,2]
[8,2,7,5,9,1,4,3,6]
[7,4,2,6,3,5,1,9,8]
[1,6,8,2,7,9,3,5,4]
[3,9,5,4,1,8,6,2,7]
[2,8,6,1,5,7,9,4,3]
[5,7,9,8,4,3,2,6,1]
[4,3,1,9,2,6,7,8,5]

Hard 12

[8,6,3,5,2,1,7,9,4]
[1,2,7,4,9,6,8,5,3]
[9,5,4,3,8,7,6,2,1]
[6,4,5,8,3,9,1,7,2]
[7,3,9,1,4,2,5,6,8]
[2,8,1,7,6,5,4,3,9]
[4,9,8,6,5,3,2,1,7]
[5,1,2,9,7,4,3,8,6]
[3,7,6,2,1,8,9,4,5]

Hard 13

[1,3,5,4,2,6,9,8,7]
[8,4,6,9,5,7,3,2,1]
[9,2,7,3,8,1,4,6,5]
[2,1,3,7,4,8,6,5,9]
[5,9,8,1,6,3,7,4,2]
[6,7,4,2,9,5,8,1,3]
[3,5,1,6,7,4,2,9,8]
[4,8,2,5,3,9,1,7,6]
[7,6,9,8,1,2,5,3,4]

Hard 14

[3,5,6,8,7,1,2,9,4]
[9,7,2,6,4,3,8,5,1]
[8,4,1,9,5,2,7,3,6]
[2,1,3,4,6,5,9,8,7]
[7,9,4,3,1,8,6,2,5]
[6,8,5,2,9,7,4,1,3]
[1,2,8,7,3,6,5,4,9]
[5,6,9,1,8,4,3,7,2]
[4,3,7,5,2,9,1,6,8]

Hard 15

[1,2,9,5,7,6,3,4,8]
[3,7,6,4,2,8,5,1,9]
[5,8,4,3,9,1,6,2,7]
[2,9,3,8,1,5,7,6,4]
[4,1,7,2,6,3,8,9,5]
[8,6,5,7,4,9,1,3,2]
[9,5,8,6,3,2,4,7,1]
[7,3,1,9,8,4,2,5,6]
[6,4,2,1,5,7,9,8,3]

Hard 16

[6,1,5,3,8,2,4,7,9]
[9,4,3,7,6,5,8,1,2]
[8,2,7,4,9,1,5,3,6]
[7,5,2,6,3,4,1,9,8]
[1,6,8,2,7,9,3,5,4]
[3,9,4,5,1,8,6,2,7]
[2,8,6,1,5,7,9,4,3]
[5,7,9,8,4,3,2,6,1]
[4,3,1,9,2,6,7,8,5]

Hard 17

[7,1,8,4,3,5,6,9,2]
[9,6,3,2,7,8,5,4,1]
[2,5,4,9,6,1,3,7,8]
[5,4,7,6,1,2,8,3,9]
[1,9,2,3,8,7,4,5,6]
[3,8,6,5,4,9,1,2,7]
[6,7,5,8,9,3,2,1,4]
[4,2,1,7,5,6,9,8,3]
[8,3,9,1,2,4,7,6,5]

Hard 18

[4,5,8,2,7,6,9,3,1]
[6,2,3,8,9,1,4,7,5]
[1,9,7,5,3,4,2,8,6]
[3,7,1,4,5,2,6,9,8]
[2,6,9,7,8,3,1,5,4]
[8,4,5,1,6,9,3,2,7]
[7,1,2,9,4,8,5,6,3]
[9,8,6,3,1,5,7,4,2]
[5,3,4,6,2,7,8,1,9]

Hard 19

[1,2,3,7,5,9,4,8,6]
[8,7,4,2,6,1,5,9,3]
[9,6,5,3,8,4,7,2,1]
[2,1,6,5,4,3,9,7,8]
[3,5,7,8,9,6,1,4,2]
[4,9,8,1,2,7,3,6,5]
[5,3,2,4,7,8,6,1,9]
[6,4,1,9,3,2,8,5,7]
[7,8,9,6,1,5,2,3,4]

Hard 20

[5,1,8,4,7,6,2,3,9]
[4,2,7,3,5,9,6,1,8]
[9,6,3,8,2,1,5,7,4]
[7,9,5,2,4,8,3,6,1]
[8,3,2,6,1,7,9,4,5]
[1,4,6,9,3,5,8,2,7]
[3,7,9,5,6,4,1,8,2]
[6,5,1,7,8,2,4,9,3]
[2,8,4,1,9,3,7,5,6]

Hard 21

[4,9,8,7,1,6,5,2,3]
[2,5,7,8,3,9,4,6,1]
[1,3,6,4,2,5,9,8,7]
[9,7,1,3,8,2,6,5,4]
[6,8,4,1,5,7,3,9,2]
[5,2,3,6,9,4,7,1,8]
[7,6,5,2,4,1,8,3,9]
[3,1,9,5,7,8,2,4,6]
[8,4,2,9,6,3,1,7,5]

Hard 22

[1,3,2,4,7,9,6,5,8]
[8,4,7,5,6,3,2,9,1]
[9,5,6,2,8,1,3,4,7]
[4,1,3,7,2,5,8,6,9]
[5,2,8,1,9,6,4,7,3]
[7,6,9,3,4,8,1,2,5]
[2,7,1,8,5,4,9,3,6]
[3,9,4,6,1,7,5,8,2]
[6,8,5,9,3,2,7,1,4]

Hard 23

[4,1,7,3,6,9,8,2,5]
[6,3,8,1,2,5,9,4,7]
[9,5,2,7,4,8,3,1,6]
[8,2,5,4,3,7,1,6,9]
[7,9,1,8,5,6,4,3,2]
[3,4,6,9,1,2,7,5,8]
[2,8,4,6,9,3,5,7,1]
[5,7,3,2,8,1,6,9,4]
[1,6,9,5,7,4,2,8,3]

Hard 24

[9,2,5,3,7,1,4,8,6]
[1,6,3,4,9,8,7,2,5]
[8,7,4,5,6,2,3,9,1]
[5,4,2,6,8,9,1,3,7]
[6,1,8,7,5,3,9,4,2]
[7,3,9,1,2,4,6,5,8]
[4,8,7,9,1,5,2,6,3]
[3,5,1,2,4,6,8,7,9]
[2,9,6,8,3,7,5,1,4]

Hard 25

[1,2,3,4,5,6,7,8,9]
[6,4,9,8,3,7,2,5,1]
[8,5,7,2,9,1,6,3,4]
[2,7,4,5,1,8,9,6,3]
[3,9,8,6,7,2,4,1,5]
[5,6,1,9,4,3,8,2,7]
[4,1,6,7,2,5,3,9,8]
[9,8,5,3,6,4,1,7,2]
[7,3,2,1,8,9,5,4,6]

Hard 26

[4,7,5,6,9,1,3,2,8]
[9,6,1,8,3,2,7,4,5]
[8,2,3,7,5,4,1,9,6]
[2,5,9,1,4,3,6,8,7]
[3,4,7,5,8,6,2,1,9]
[6,1,8,9,2,7,5,3,4]
[5,3,4,2,6,9,8,7,1]
[7,9,6,3,1,8,4,5,2]
[1,8,2,4,7,5,9,6,3]

Hard 27

[3,4,9,5,2,6,8,7,1]
[5,2,1,8,9,7,6,4,3]
[8,7,6,4,1,3,5,2,9]
[7,1,8,3,6,9,2,5,4]
[4,6,5,2,8,1,3,9,7]
[9,3,2,7,4,5,1,8,6]
[6,5,4,1,7,8,9,3,2]
[1,8,7,9,3,2,4,6,5]
[2,9,3,6,5,4,7,1,8]

Hard 28

[6,1,8,3,4,2,5,7,9]
[9,4,3,7,6,5,1,8,2]
[5,2,7,8,9,1,4,3,6]
[7,5,2,6,3,4,8,9,1]
[8,6,1,2,7,9,3,5,4]
[3,9,4,5,1,8,6,2,7]
[2,8,6,1,5,7,9,4,3]
[1,7,9,4,8,3,2,6,5]
[4,3,5,9,2,6,7,1,8]

Hard 29

[9,4,7,5,8,2,3,6,1]
[8,6,3,4,7,1,9,5,2]
[1,5,2,6,3,9,7,8,4]
[6,2,4,8,1,3,5,7,9]
[7,3,8,2,9,5,4,1,6]
[5,1,9,7,6,4,8,2,3]
[2,8,5,9,4,6,1,3,7]
[3,9,6,1,5,7,2,4,8]
[4,7,1,3,2,8,6,9,5]

Hard 30

[2,5,4,3,7,9,8,6,1]
[7,6,1,2,4,8,5,9,3]
[8,9,3,5,1,6,7,4,2]
[3,2,6,7,9,1,4,5,8]
[9,1,5,8,2,4,3,7,6]
[4,8,7,6,5,3,2,1,9]
[5,3,8,1,6,7,9,2,4]
[1,4,2,9,8,5,6,3,7]
[6,7,9,4,3,2,1,8,5]

Hard 31

[3,8,5,6,2,1,4,9,7]
[1,7,9,5,8,4,3,2,6]
[4,2,6,7,3,9,5,1,8]
[7,6,2,3,9,5,8,4,1]
[5,3,4,8,1,2,7,6,9]
[8,9,1,4,7,6,2,5,3]
[9,1,7,2,5,3,6,8,4]
[2,4,3,1,6,8,9,7,5]
[6,5,8,9,4,7,1,3,2]

Hard 32

[8,3,6,5,2,1,9,4,7]
[1,4,2,3,7,9,5,8,6]
[9,7,5,6,4,8,3,2,1]
[3,6,4,8,9,2,7,1,5]
[2,5,9,1,6,7,4,3,8]
[7,8,1,4,3,5,2,6,9]
[5,9,8,2,1,4,6,7,3]
[4,1,3,7,5,6,8,9,2]
[6,2,7,9,8,3,1,5,4]

Hard 33

[4,2,7,5,9,3,1,8,6]
[3,1,5,8,6,2,4,7,9]
[9,6,8,1,7,4,3,2,5]
[6,5,9,3,2,8,7,1,4]
[7,3,1,6,4,9,8,5,2]
[2,8,4,7,5,1,9,6,3]
[5,9,3,2,8,7,6,4,1]
[8,4,2,9,1,6,5,3,7]
[1,7,6,4,3,5,2,9,8]

Hard 34

[7,8,1,9,4,2,3,6,5]
[3,2,4,5,7,6,9,1,8]
[6,5,9,8,3,1,7,2,4]
[8,1,5,7,2,3,4,9,6]
[9,3,6,1,5,4,8,7,2]
[2,4,7,6,9,8,1,5,3]
[5,7,8,3,6,9,2,4,1]
[1,6,2,4,8,7,5,3,9]
[4,9,3,2,1,5,6,8,7]

Hard 35

[7,4,8,3,9,2,1,6,5]
[3,6,9,5,1,4,7,2,8]
[1,2,5,8,7,6,9,4,3]
[9,3,2,1,4,7,8,5,6]
[6,8,7,2,3,5,4,1,9]
[5,1,4,6,8,9,3,7,2]
[8,5,3,4,6,1,2,9,7]
[4,7,6,9,2,3,5,8,1]
[2,9,1,7,5,8,6,3,4]

Hard 36

[4,1,7,3,6,9,5,2,8]
[8,3,9,1,2,5,7,4,6]
[6,5,2,7,4,8,3,1,9]
[9,2,5,8,3,7,4,6,1]
[7,4,1,9,5,6,8,3,2]
[3,8,6,4,1,2,9,5,7]
[2,9,4,6,8,3,1,7,5]
[5,7,3,2,9,1,6,8,4]
[1,6,8,5,7,4,2,9,3]

Hard 37

[1,2,4,5,9,7,3,6,8]
[3,6,9,4,2,8,5,1,7]
[5,8,7,3,6,1,9,2,4]
[2,9,3,8,1,5,7,4,6]
[4,1,6,2,7,3,8,9,5]
[8,7,5,9,4,6,1,3,2]
[9,5,8,6,3,2,4,7,1]
[6,3,1,7,8,4,2,5,9]
[7,4,2,1,5,9,6,8,3]

Hard 38

[1,3,7,9,2,6,4,8,5]
[9,6,4,5,8,7,2,3,1]
[8,2,5,3,4,1,9,6,7]
[2,4,1,8,9,5,6,7,3]
[6,7,3,4,1,2,5,9,8]
[5,8,9,6,7,3,1,4,2]
[7,5,8,1,6,4,3,2,9]
[3,9,6,2,5,8,7,1,4]
[4,1,2,7,3,9,8,5,6]

Hard 39

[2,4,9,8,6,5,1,7,3]
[5,3,1,9,7,4,2,6,8]
[8,6,7,1,3,2,4,9,5]
[4,2,3,7,8,6,5,1,9]
[9,8,6,2,5,1,3,4,7]
[7,1,5,3,4,9,8,2,6]
[6,9,2,5,1,8,7,3,4]
[3,5,4,6,2,7,9,8,1]
[1,7,8,4,9,3,6,5,2]

Hard 40

[3,5,1,8,4,6,7,2,9]
[2,8,7,3,1,9,6,4,5]
[6,9,4,7,2,5,1,8,3]
[1,6,8,5,3,4,9,7,2]
[7,2,5,1,9,8,3,6,4]
[9,4,3,2,6,7,5,1,8]
[5,1,6,4,8,3,2,9,7]
[8,3,2,9,7,1,4,5,6]
[4,7,9,6,5,2,8,3,1]

Hard 41

[7,4,8,5,9,1,3,2,6]
[1,9,5,6,2,3,8,4,7]
[2,6,3,4,8,7,5,1,9]
[4,2,1,9,3,6,7,5,8]
[3,5,6,8,7,4,2,9,1]
[9,8,7,1,5,2,6,3,4]
[8,3,2,7,4,9,1,6,5]
[6,7,9,2,1,5,4,8,3]
[5,1,4,3,6,8,9,7,2]

Hard 42

[7,2,3,4,6,9,8,5,1]
[6,5,1,2,3,8,7,9,4]
[8,9,4,7,1,5,6,3,2]
[3,7,5,6,9,1,4,2,8]
[9,1,2,8,7,4,3,6,5]
[4,8,6,5,2,3,9,1,7]
[2,4,8,3,5,6,1,7,9]
[1,3,7,9,8,2,5,4,6]
[5,6,9,1,4,7,2,8,3]

Hard 43

[9,4,7,6,2,8,3,5,1]
[8,6,3,7,5,1,4,9,2]
[1,2,5,3,4,9,6,7,8]
[7,3,4,8,9,5,1,2,6]
[5,8,9,1,6,2,7,3,4]
[6,1,2,4,7,3,9,8,5]
[4,7,8,2,3,6,5,1,9]
[2,5,6,9,1,7,8,4,3]
[3,9,1,5,8,4,2,6,7]

Hard 44

[1,3,2,4,6,7,8,9,5]
[9,5,7,3,8,1,2,4,6]
[8,6,4,5,2,9,7,3,1]
[4,2,9,6,7,3,1,5,8]
[5,7,8,9,1,2,3,6,4]
[6,1,3,8,5,4,9,7,2]
[3,8,5,2,9,6,4,1,7]
[2,4,1,7,3,5,6,8,9]
[7,9,6,1,4,8,5,2,3]

Hard 45

[1,4,3,5,8,7,9,6,2]
[8,5,2,4,9,6,7,3,1]
[9,7,6,3,2,1,5,8,4]
[2,1,4,6,7,5,3,9,8]
[6,3,5,8,1,9,4,2,7]
[7,8,9,2,4,3,6,1,5]
[3,2,1,7,6,4,8,5,9]
[4,6,8,9,5,2,1,7,3]
[5,9,7,1,3,8,2,4,6]

Hard 46

[7,8,3,4,6,5,2,1,9]
[4,2,1,9,7,3,6,5,8]
[9,6,5,2,8,1,7,3,4]
[3,4,7,1,2,8,5,9,6]
[1,9,8,5,4,6,3,2,7]
[6,5,2,3,9,7,4,8,1]
[2,1,6,8,5,4,9,7,3]
[5,3,4,7,1,9,8,6,2]
[8,7,9,6,3,2,1,4,5]

Hard 47

[2,1,9,6,7,5,8,4,3]
[8,6,5,4,3,9,7,2,1]
[7,4,3,2,8,1,5,9,6]
[9,3,6,5,1,2,4,8,7]
[1,5,7,3,4,8,9,6,2]
[4,2,8,9,6,7,1,3,5]
[3,8,2,7,5,4,6,1,9]
[6,7,1,8,9,3,2,5,4]
[5,9,4,1,2,6,3,7,8]

Hard 48

[1,2,6,7,3,9,8,4,5]
[8,4,7,6,2,5,3,9,1]
[9,3,5,4,8,1,7,6,2]
[2,1,3,8,6,4,5,7,9]
[6,5,4,9,7,3,2,1,8]
[7,9,8,5,1,2,4,3,6]
[3,6,1,2,4,8,9,5,7]
[4,8,9,1,5,7,6,2,3]
[5,7,2,3,9,6,1,8,4]

Hard 49

[2,7,3,6,8,1,4,9,5]
[8,9,1,7,5,4,2,6,3]
[5,4,6,3,9,2,1,7,8]
[1,6,9,5,3,7,8,2,4]
[4,8,5,2,6,9,7,3,1]
[3,2,7,1,4,8,9,5,6]
[7,3,4,9,1,6,5,8,2]
[9,5,8,4,2,3,6,1,7]
[6,1,2,8,7,5,3,4,9]

Hard 50

[6,5,4,3,1,2,8,7,9]
[9,1,3,8,7,6,4,5,2]
[8,2,7,4,9,5,1,3,6]
[7,4,2,6,3,8,5,9,1]
[1,6,5,7,2,9,3,8,4]
[3,9,8,5,4,1,6,2,7]
[2,8,6,1,5,7,9,4,3]
[4,7,1,9,8,3,2,6,5]
[5,3,9,2,6,4,7,1,8]

Hard 51

[1,5,2,7,3,8,9,4,6]
[8,6,4,2,9,1,3,7,5]
[9,7,3,6,4,5,2,8,1]
[2,1,6,3,5,7,4,9,8]
[3,4,8,9,1,2,5,6,7]
[5,9,7,4,8,6,1,2,3]
[4,2,1,8,6,3,7,5,9]
[6,3,9,5,7,4,8,1,2]
[7,8,5,1,2,9,6,3,4]

Hard 52

[1,7,4,5,8,9,3,6,2]
[9,5,3,2,6,1,7,8,4]
[8,6,2,3,4,7,9,5,1]
[2,1,9,6,7,3,8,4,5]
[3,8,7,4,1,5,2,9,6]
[5,4,6,9,2,8,1,7,3]
[6,2,8,1,9,4,5,3,7]
[4,9,5,7,3,2,6,1,8]
[7,3,1,8,5,6,4,2,9]

Hard 53

[1,2,6,4,7,8,5,9,3]
[8,3,7,5,9,2,4,6,1]
[9,4,5,3,6,1,2,7,8]
[4,1,2,9,3,7,8,5,6]
[5,6,9,1,8,4,7,3,2]
[7,8,3,2,5,6,9,1,4]
[2,5,1,6,4,9,3,8,7]
[3,7,4,8,1,5,6,2,9]
[6,9,8,7,2,3,1,4,5]

Hard 54

[9,6,4,8,1,5,2,3,7]
[2,5,8,6,3,7,1,4,9]
[3,1,7,9,2,4,6,5,8]
[8,7,2,1,5,9,3,6,4]
[4,9,5,2,6,3,7,8,1]
[6,3,1,4,7,8,9,2,5]
[7,8,3,5,9,6,4,1,2]
[5,2,9,3,4,1,8,7,6]
[1,4,6,7,8,2,5,9,3]

Hard 55

[4,7,6,5,2,9,1,8,3]
[8,9,5,1,7,3,6,2,4]
[3,2,1,8,6,4,7,9,5]
[5,1,7,3,9,8,2,4,6]
[2,8,9,6,4,5,3,7,1]
[6,3,4,7,1,2,9,5,8]
[7,5,2,4,3,1,8,6,9]
[1,6,8,9,5,7,4,3,2]
[9,4,3,2,8,6,5,1,7]

Hard 56

[5,3,8,1,2,7,9,4,6]
[6,2,4,8,3,9,7,5,1]
[7,1,9,6,4,5,3,8,2]
[9,6,5,3,1,4,8,2,7]
[3,8,1,7,6,2,5,9,4]
[2,4,7,5,9,8,1,6,3]
[4,9,3,2,8,1,6,7,5]
[8,5,6,4,7,3,2,1,9]
[1,7,2,9,5,6,4,3,8]

Hard 57

[1,2,4,5,9,7,8,6,3]
[9,3,7,6,4,8,2,1,5]
[8,5,6,2,3,1,7,4,9]
[5,1,3,7,8,6,4,9,2]
[4,8,2,9,1,3,6,5,7]
[7,6,9,4,2,5,1,3,8]
[6,9,8,3,7,4,5,2,1]
[3,4,1,8,5,2,9,7,6]
[2,7,5,1,6,9,3,8,4]

Hard 58

[8,7,2,4,5,9,6,3,1]
[1,5,4,6,8,3,9,7,2]
[9,6,3,7,2,1,4,8,5]
[2,1,6,8,3,4,7,5,9]
[5,4,9,2,1,7,3,6,8]
[7,3,8,5,9,6,1,2,4]
[4,8,1,3,6,2,5,9,7]
[6,2,7,9,4,5,8,1,3]
[3,9,5,1,7,8,2,4,6]

Hard 59

[9,4,7,3,2,6,5,8,1]
[8,5,2,4,9,1,6,7,3]
[1,3,6,5,8,7,9,4,2]
[2,8,4,7,3,5,1,6,9]
[6,9,3,8,1,2,4,5,7]
[7,1,5,6,4,9,2,3,8]
[5,7,9,1,6,8,3,2,4]
[3,2,8,9,5,4,7,1,6]
[4,6,1,2,7,3,8,9,5]

Hard 60

[2,1,5,8,7,6,9,4,3]
[6,7,8,3,9,4,2,1,5]
[3,4,9,1,2,5,8,7,6]
[5,8,7,4,3,2,1,6,9]
[4,6,3,9,8,1,7,5,2]
[1,9,2,6,5,7,3,8,4]
[8,2,6,7,4,3,5,9,1]
[7,3,4,5,1,9,6,2,8]
[9,5,1,2,6,8,4,3,7]

Hard 61

[1,2,4,3,9,7,8,5,6]
[8,3,5,6,4,1,2,9,7]
[9,6,7,8,2,5,3,4,1]
[2,4,1,5,3,8,7,6,9]
[5,8,3,7,6,9,4,1,2]
[6,7,9,4,1,2,5,3,8]
[3,1,2,9,7,4,6,8,5]
[4,9,8,2,5,6,1,7,3]
[7,5,6,1,8,3,9,2,4]

Hard 62

[1,2,5,9,7,6,3,4,8]
[3,6,9,4,2,8,5,1,7]
[7,8,4,3,5,1,9,2,6]
[2,5,3,8,1,7,6,9,4]
[4,1,6,2,9,3,8,7,5]
[8,9,7,6,4,5,1,3,2]
[9,7,8,5,3,2,4,6,1]
[6,3,1,7,8,4,2,5,9]
[5,4,2,1,6,9,7,8,3]

Hard 63

[2,8,3,7,4,1,5,9,6]
[6,1,5,2,3,9,7,4,8]
[9,7,4,8,6,5,3,2,1]
[3,9,7,1,2,6,8,5,4]
[8,6,1,4,5,3,9,7,2]
[4,5,2,9,7,8,6,1,3]
[5,2,8,3,9,4,1,6,7]
[7,3,6,5,1,2,4,8,9]
[1,4,9,6,8,7,2,3,5]

Hard 64

[9,5,7,6,3,8,4,2,1]
[1,4,6,7,2,9,3,8,5]
[8,3,2,5,4,1,6,7,9]
[4,1,9,3,5,2,7,6,8]
[6,2,8,4,1,7,9,5,3]
[3,7,5,9,8,6,1,4,2]
[7,9,1,2,6,5,8,3,4]
[5,8,3,1,7,4,2,9,6]
[2,6,4,8,9,3,5,1,7]

Hard 65

[1,2,7,3,6,5,4,8,9]
[8,5,3,4,9,1,2,7,6]
[9,6,4,2,7,8,3,5,1]
[2,3,1,7,5,6,8,9,4]
[5,4,8,9,3,2,6,1,7]
[6,7,9,1,8,4,5,2,3]
[3,1,2,5,4,7,9,6,8]
[4,8,5,6,1,9,7,3,2]
[7,9,6,8,2,3,1,4,5]

Hard 66

[3,4,5,6,7,1,2,9,8]
[9,8,7,2,5,3,1,4,6]
[6,2,1,9,8,4,5,7,3]
[2,6,4,7,9,5,8,3,1]
[5,7,3,8,1,6,4,2,9]
[1,9,8,4,3,2,6,5,7]
[8,3,6,5,2,9,7,1,4]
[7,1,2,3,4,8,9,6,5]
[4,5,9,1,6,7,3,8,2]

Hard 67

[2,6,5,3,8,9,4,7,1]
[8,7,4,2,5,1,6,9,3]
[1,9,3,6,4,7,8,5,2]
[3,2,7,8,9,4,1,6,5]
[9,4,6,1,2,5,3,8,7]
[5,1,8,7,6,3,2,4,9]
[6,3,1,5,7,8,9,2,4]
[4,5,2,9,1,6,7,3,8]
[7,8,9,4,3,2,5,1,6]

Hard 68

[8,4,2,3,5,9,1,6,7]
[5,7,3,1,8,6,9,4,2]
[6,1,9,2,7,4,5,3,8]
[1,2,7,8,6,5,3,9,4]
[4,3,5,7,9,1,2,8,6]
[9,6,8,4,2,3,7,1,5]
[7,8,1,9,4,2,6,5,3]
[3,5,4,6,1,7,8,2,9]
[2,9,6,5,3,8,4,7,1]

Hard 69

[5,3,8,2,1,9,7,4,6]
[9,6,2,8,7,4,5,3,1]
[1,7,4,3,5,6,2,9,8]
[2,8,3,4,9,7,6,1,5]
[7,4,1,5,6,8,3,2,9]
[6,9,5,1,2,3,8,7,4]
[3,2,9,6,4,5,1,8,7]
[8,5,7,9,3,1,4,6,2]
[4,1,6,7,8,2,9,5,3]

Hard 70

[8,6,3,7,5,1,2,9,4]
[9,5,7,4,3,2,6,8,1]
[1,2,4,6,8,9,5,7,3]
[5,3,2,9,7,6,1,4,8]
[6,1,9,8,4,3,7,2,5]
[7,4,8,1,2,5,9,3,6]
[3,8,6,2,1,7,4,5,9]
[2,9,5,3,6,4,8,1,7]
[4,7,1,5,9,8,3,6,2]

Hard 71

[9,8,6,3,2,4,1,5,7]
[1,2,4,7,5,9,3,6,8]
[5,3,7,8,6,1,4,2,9]
[4,1,3,2,8,5,9,7,6]
[6,9,5,1,7,3,2,8,4]
[2,7,8,9,4,6,5,1,3]
[3,4,2,6,1,7,8,9,5]
[8,6,9,5,3,2,7,4,1]
[7,5,1,4,9,8,6,3,2]

Hard 72

[9,4,5,6,7,1,2,8,3]
[1,3,6,4,8,2,5,9,7]
[8,2,7,5,9,3,4,6,1]
[6,1,4,8,3,7,9,5,2]
[7,9,8,1,2,5,3,4,6]
[2,5,3,9,6,4,1,7,8]
[3,6,2,7,5,9,8,1,4]
[5,8,1,2,4,6,7,3,9]
[4,7,9,3,1,8,6,2,5]

Hard 73

[7,2,4,3,6,9,8,5,1]
[6,5,1,2,4,8,7,9,3]
[8,9,3,7,1,5,6,4,2]
[3,7,5,6,9,1,4,2,8]
[9,1,2,8,7,4,3,6,5]
[4,8,6,5,2,3,9,1,7]
[2,3,8,4,5,6,1,7,9]
[1,4,7,9,8,2,5,3,6]
[5,6,9,1,3,7,2,8,4]

Hard 74

[1,2,6,4,3,7,9,5,8]
[8,9,5,6,2,1,4,7,3]
[3,7,4,9,8,5,1,2,6]
[4,5,7,1,9,3,8,6,2]
[9,8,3,2,4,6,5,1,7]
[6,1,2,5,7,8,3,9,4]
[2,6,9,3,1,4,7,8,5]
[5,4,8,7,6,9,2,3,1]
[7,3,1,8,5,2,6,4,9]

Hard 75

[1,5,2,9,4,6,8,3,7]
[9,6,3,5,8,7,4,2,1]
[8,4,7,2,3,1,6,9,5]
[5,7,4,8,6,3,9,1,2]
[2,8,9,4,1,5,7,6,3]
[6,3,1,7,2,9,5,4,8]
[7,9,6,1,5,2,3,8,4]
[4,1,5,3,9,8,2,7,6]
[3,2,8,6,7,4,1,5,9]

Hard 76

[2,6,9,3,1,4,7,8,5]
[5,4,8,7,6,9,2,3,1]
[7,3,1,8,5,2,6,4,9]
[1,2,6,4,3,7,9,5,8]
[8,9,5,6,2,1,4,7,3]
[3,7,4,9,8,5,1,2,6]
[4,5,7,1,9,3,8,6,2]
[9,8,3,2,4,6,5,1,7]
[6,1,2,5,7,8,3,9,4]

Hard 77

[1,5,2,6,7,8,9,4,3]
[8,6,4,3,9,1,7,5,2]
[9,7,3,2,4,5,6,8,1]
[2,1,5,7,6,3,8,9,4]
[4,9,7,5,8,2,1,3,6]
[6,3,8,9,1,4,5,2,7]
[3,2,1,8,5,6,4,7,9]
[5,4,9,1,2,7,3,6,8]
[7,8,6,4,3,9,2,1,5]

Hard 78

[4,9,6,5,7,3,1,2,8]
[3,8,1,9,2,4,6,7,5]
[2,7,5,8,6,1,9,4,3]
[1,5,3,7,8,9,4,6,2]
[9,6,2,4,3,5,7,8,1]
[8,4,7,2,1,6,5,3,9]
[7,1,4,3,5,2,8,9,6]
[5,2,9,6,4,8,3,1,7]
[6,3,8,1,9,7,2,5,4]

Hard 79

[2,5,3,4,7,9,8,6,1]
[7,6,1,2,3,8,5,9,4]
[8,9,4,5,1,6,7,3,2]
[3,2,6,7,9,1,4,5,8]
[9,1,5,8,2,4,3,7,6]
[4,8,7,6,5,3,2,1,9]
[5,4,8,1,6,7,9,2,3]
[1,3,2,9,8,5,6,4,7]
[6,7,9,3,4,2,1,8,5]

Hard 80

[9,6,3,7,4,1,2,5,8]
[1,5,2,3,9,8,6,7,4]
[8,7,4,2,6,5,3,9,1]
[3,4,5,8,7,2,1,6,9]
[2,1,8,9,5,6,7,4,3]
[6,9,7,1,3,4,8,2,5]
[7,2,1,4,8,9,5,3,6]
[5,8,9,6,2,3,4,1,7]
[4,3,6,5,1,7,9,8,2]

Hard 81

[1,5,2,3,9,8,6,4,7]
[9,7,3,6,4,1,2,8,5]
[8,6,4,5,7,2,9,3,1]
[5,9,8,7,1,4,3,6,2]
[2,4,7,9,3,6,1,5,8]
[3,1,6,2,8,5,7,9,4]
[7,2,5,4,6,3,8,1,9]
[4,3,1,8,2,9,5,7,6]
[6,8,9,1,5,7,4,2,3]

Hard 82

[9,4,6,7,3,1,5,8,2]
[1,5,7,2,4,8,6,3,9]
[8,3,2,6,5,9,4,7,1]
[7,1,9,4,2,3,8,6,5]
[5,8,4,9,7,6,1,2,3]
[6,2,3,8,1,5,9,4,7]
[4,6,1,3,9,7,2,5,8]
[3,9,8,5,6,2,7,1,4]
[2,7,5,1,8,4,3,9,6]

Hard 83

[9,3,2,4,7,5,8,6,1]
[6,1,7,9,2,8,5,3,4]
[8,4,5,6,1,3,2,7,9]
[5,6,8,7,4,1,3,9,2]
[4,2,9,8,3,6,7,1,5]
[1,7,3,2,5,9,6,4,8]
[3,5,6,1,9,2,4,8,7]
[2,9,4,3,8,7,1,5,6]
[7,8,1,5,6,4,9,2,3]

Hard 84

[6,1,8,4,5,9,7,2,3]
[3,4,2,8,6,7,5,1,9]
[5,7,9,1,2,3,4,6,8]
[2,9,6,5,3,4,1,8,7]
[7,8,4,2,9,1,6,3,5]
[1,5,3,7,8,6,2,9,4]
[9,2,7,6,4,8,3,5,1]
[8,6,1,3,7,5,9,4,2]
[4,3,5,9,1,2,8,7,6]

Hard 85

[9,5,7,2,6,1,3,8,4]
[8,4,6,5,3,7,9,2,1]
[1,2,3,4,8,9,5,6,7]
[7,3,4,9,2,6,8,1,5]
[2,9,5,8,1,4,7,3,6]
[6,1,8,3,7,5,4,9,2]
[5,7,2,1,9,8,6,4,3]
[4,8,1,6,5,3,2,7,9]
[3,6,9,7,4,2,1,5,8]

Hard 86

[1,3,2,7,4,9,6,8,5]
[8,5,7,3,6,1,9,2,4]
[9,6,4,2,8,5,3,7,1]
[2,1,6,4,5,7,8,3,9]
[3,4,8,6,9,2,1,5,7]
[5,7,9,8,1,3,2,4,6]
[4,2,1,5,3,6,7,9,8]
[6,8,3,9,7,4,5,1,2]
[7,9,5,1,2,8,4,6,3]

Hard 87

[7,4,6,5,1,3,8,9,2]
[1,3,2,8,6,9,7,5,4]
[5,9,8,7,4,2,3,1,6]
[3,6,7,9,2,5,4,8,1]
[9,2,5,4,8,1,6,7,3]
[4,8,1,6,3,7,9,2,5]
[6,7,9,1,5,4,2,3,8]
[2,5,4,3,7,8,1,6,9]
[8,1,3,2,9,6,5,4,7]

Hard 88

[9,5,6,3,2,7,8,4,1]
[1,2,7,4,8,6,3,9,5]
[8,3,4,9,5,1,2,6,7]
[5,4,8,7,3,9,6,1,2]
[2,7,1,8,6,4,5,3,9]
[3,6,9,2,1,5,4,7,8]
[7,9,3,5,4,8,1,2,6]
[4,1,5,6,9,2,7,8,3]
[6,8,2,1,7,3,9,5,4]

Hard 89

[9,3,5,7,4,8,6,2,1]
[8,7,6,2,3,1,5,9,4]
[1,2,4,6,9,5,7,8,3]
[5,1,2,4,6,9,3,7,8]
[6,4,3,8,7,2,9,1,5]
[7,8,9,1,5,3,4,6,2]
[2,6,7,5,1,4,8,3,9]
[4,9,1,3,8,6,2,5,7]
[3,5,8,9,2,7,1,4,6]

Hard 90

[1,4,3,2,5,8,6,7,9]
[8,7,2,9,6,4,1,5,3]
[6,9,5,1,3,7,4,8,2]
[9,8,6,5,4,1,3,2,7]
[4,5,1,3,7,2,9,6,8]
[2,3,7,8,9,6,5,1,4]
[7,1,9,6,2,3,8,4,5]
[5,6,4,7,8,9,2,3,1]
[3,2,8,4,1,5,7,9,6]

Hard 91

[9,3,7,6,5,8,2,4,1]
[8,6,4,2,9,1,7,3,5]
[1,2,5,7,3,4,9,8,6]
[5,8,3,4,1,9,6,2,7]
[6,4,9,3,7,2,5,1,8]
[7,1,2,5,8,6,4,9,3]
[4,7,1,9,6,3,8,5,2]
[3,9,6,8,2,5,1,7,4]
[2,5,8,1,4,7,3,6,9]

Hard 92

[9,2,4,3,6,1,7,5,8]
[1,5,6,4,7,8,2,9,3]
[8,3,7,5,9,2,6,4,1]
[6,1,3,2,4,7,9,8,5]
[7,4,9,1,8,5,3,2,6]
[5,8,2,9,3,6,1,7,4]
[4,9,8,6,2,3,5,1,7]
[3,7,1,8,5,9,4,6,2]
[2,6,5,7,1,4,8,3,9]

Hard 93

[8,5,6,4,9,1,3,7,2]
[1,4,3,5,7,2,6,9,8]
[9,2,7,3,6,8,4,5,1]
[2,7,8,6,4,5,1,3,9]
[5,1,4,9,2,3,7,8,6]
[6,3,9,8,1,7,2,4,5]
[3,6,1,7,8,9,5,2,4]
[4,8,5,2,3,6,9,1,7]
[7,9,2,1,5,4,8,6,3]

Hard 94

[6,5,9,4,1,2,3,7,8]
[2,3,8,6,7,9,4,5,1]
[7,4,1,3,8,5,2,9,6]
[8,6,5,7,2,3,1,4,9]
[4,2,7,8,9,1,6,3,5]
[9,1,3,5,4,6,7,8,2]
[3,9,6,1,5,7,8,2,4]
[5,7,4,2,6,8,9,1,3]
[1,8,2,9,3,4,5,6,7]

Hard 95

[3,5,4,1,8,6,9,2,7]
[2,9,8,7,4,3,6,1,5]
[1,6,7,9,5,2,4,8,3]
[4,8,1,5,2,7,3,6,9]
[9,3,2,6,1,4,5,7,8]
[5,7,6,3,9,8,2,4,1]
[7,2,9,8,6,5,1,3,4]
[8,4,5,2,3,1,7,9,6]
[6,1,3,4,7,9,8,5,2]
